Number_of_neurons:	10

W1 = 
0.003665  	0.009669  	0.005289  	
0.004318  	0.009557  	0.008614  	
0.005625  	0.006697  	0.009658  	
0.007692  	0.009615  	0.008572  	
0.004901  	0.002503  	0.001285  	
0.003833  	0.004584  	0.003364  	
0.007978  	0.000144  	0.009149  	
0.003659  	0.000191  	0.008357  	
0.008421  	0.006090  	0.001192  	
0.000731  	0.007309  	0.007467  	

b1 = 
0.003343  	
0.002209  	
0.002065  	
0.001963  	
0.004647  	
0.004701  	
0.002888  	
0.003445  	
0.005200  	
0.002912  	

W2 = 
0.140943  	0.148378  	0.143176  	0.151713  	0.068779  	0.110251  	0.141572  	0.133423  	0.097469  	0.134907  	

b2 = 
0.156650  	
